MSE: 0.26131898164749146
MAE: 0.41029131412506104
RMSE: 0.5111936926841736
