MSE: 0.39667683839797974
MAE: 0.5056530833244324
RMSE: 0.629822850227356
