MSE: 0.016751421615481377
MAE: 0.10235568135976791
RMSE: 0.12942728400230408
