MSE: 0.7794013023376465
MAE: 0.6397484540939331
RMSE: 0.8828370571136475
