MSE: 0.06664407253265381
MAE: 0.19855687022209167
RMSE: 0.25815513730049133
