MSE: 0.042661722749471664
MAE: 0.16045492887496948
RMSE: 0.20654714107513428
