MSE: 0.02714718133211136
MAE: 0.12830105423927307
RMSE: 0.16476401686668396
