MSE: 0.2977857291698456
MAE: 0.3999059796333313
RMSE: 0.5456974506378174
