MSE: 0.19740134477615356
MAE: 0.36860910058021545
RMSE: 0.44429871439933777
