MSE: 0.46842899918556213
MAE: 0.5319632291793823
RMSE: 0.6844187378883362
