MSE: 0.06799980998039246
MAE: 0.18894879519939423
RMSE: 0.26076772809028625
