MSE: 0.30530714988708496
MAE: 0.40156325697898865
RMSE: 0.5525460839271545
