MSE: 0.1642339527606964
MAE: 0.31303200125694275
RMSE: 0.4052578806877136
