MSE: 0.17902325093746185
MAE: 0.3184528052806854
RMSE: 0.4231113791465759
