MSE: 0.06434311717748642
MAE: 0.1903351992368698
RMSE: 0.2536594569683075
