MSE: 0.15585027635097504
MAE: 0.3054024279117584
RMSE: 0.3947787582874298
