MSE: 0.10570605099201202
MAE: 0.2724403440952301
RMSE: 0.32512468099594116
