MSE: 0.19409064948558807
MAE: 0.33079683780670166
RMSE: 0.44055721163749695
