MSE: 1.174428939819336
MAE: 0.8915457129478455
RMSE: 1.0837106704711914
