MSE: 0.10392536222934723
MAE: 0.2635459899902344
RMSE: 0.3223745822906494
