MSE: 0.10238165408372879
MAE: 0.24231615662574768
RMSE: 0.31997132301330566
