MSE: 0.3270508348941803
MAE: 0.4474033713340759
RMSE: 0.5718835592269897
