MSE: 0.5322705507278442
MAE: 0.5533959865570068
RMSE: 0.7295687198638916
