MSE: 0.09013572335243225
MAE: 0.23398654162883759
RMSE: 0.3002261221408844
