MSE: 0.09622947126626968
MAE: 0.2475670427083969
RMSE: 0.3102087676525116
