MSE: 0.23453934490680695
MAE: 0.4072059094905853
RMSE: 0.4842926263809204
