MSE: 0.06752005219459534
MAE: 0.20405805110931396
RMSE: 0.25984621047973633
