MSE: 0.05585286393761635
MAE: 0.1728571355342865
RMSE: 0.23633210361003876
