MSE: 0.07761301100254059
MAE: 0.21262499690055847
RMSE: 0.278591126203537
