MSE: 0.042242247611284256
MAE: 0.1600703001022339
RMSE: 0.20552918314933777
