MSE: 0.10808711498975754
MAE: 0.2538922429084778
RMSE: 0.3287660479545593
