MSE: 0.09273073822259903
MAE: 0.23640835285186768
RMSE: 0.3045172095298767
