MSE: 0.21168826520442963
MAE: 0.3803144693374634
RMSE: 0.46009594202041626
