MSE: 0.1120203360915184
MAE: 0.25253814458847046
RMSE: 0.33469438552856445
