MSE: 0.1988724321126938
MAE: 0.3443024158477783
RMSE: 0.4459511637687683
