MSE: 0.1563405841588974
MAE: 0.2465974986553192
RMSE: 0.395399272441864
